0,33694242, 

				2730, 

				133660528, 

				82143858, 

				62139840, 

				130009664, 

				1092, 

				38028320, 

				69345856, 

				3951, 

				456192, 

				208011264, 

				61440, 

				106954752, 

				147087921, 

				111016854, 

				35793506, 

				260317590, 

				236003614, 

				36677698, 

				110225551, 

				110730886, 

				71705503, 

				110717334, 

				102209942, 

				6686304, 

				208012896, 

				2393120, 

				986880, 

				4330048, 

				67379606, 

				110091158, 

				161085846, 

				245091230, 

				110659734, 

				244947358, 

				260634767, 

				143190159, 

				110737559, 

				161085849, 

				239354958, 

				110170385, 

				161139353, 

				260606088, 

				161061369, 

				163577305, 

				110729622, 

				143563166, 

				95000982, 

				162326942, 

				244410519, 

				71582798, 

				110729625, 

				78293401, 

				167352729, 

				160787097, 

				35809689, 

				264528447, 

				121914439, 

				20079816, 

				237117998, 

				164, 

				251658240, 

				620, 

				127344128, 

				244948616, 

				126387968, 

				127506193, 

				126850560, 

				71585347, 

				1769583872, 

				161062792, 

				119678466, 

				1762726657, 

				162310536, 

				35791394, 

				268435200, 

				161077760, 

				110728704, 

				2297011712L, 

				293181184, 

				143182592, 

				236357376, 

				54808132, 

				127506688, 

				78223616, 

				167768064, 

				156674304, 

				1630902528, 

				260448000, 

				38044738, 

				71582788, 

				69341732, 

				2640, 

				260815759, 

				205800524, 
